0 = 0 0 28 28
1 = 29 0 28 28
10 = 0 29 28 28
100 = 29 29 28 28
101 = 58 0 28 28
102 = 58 29 28 28
103 = 87 0 28 28
104 = 87 29 28 28
105 = 0 58 28 28
106 = 0 87 28 28
107 = 29 58 28 28
108 = 58 58 28 28
109 = 29 87 28 28
11 = 58 87 28 28
110 = 87 58 28 28
111 = 87 87 28 28
12 = 116 0 28 28
13 = 145 0 28 28
14 = 116 29 28 28
15 = 174 0 28 28
16 = 145 29 28 28
17 = 116 58 28 28
18 = 145 58 28 28
19 = 116 87 28 28
2 = 174 29 28 28
20 = 203 0 28 28
21 = 203 29 28 28
22 = 174 58 28 28
23 = 145 87 28 28
24 = 174 87 28 28
25 = 203 58 28 28
26 = 203 87 28 28
27 = 0 116 28 28
28 = 29 116 28 28
29 = 0 145 28 28
3 = 29 145 28 28
30 = 0 174 28 28
31 = 58 116 28 28
32 = 29 174 28 28
33 = 58 145 28 28
34 = 87 116 28 28
35 = 116 116 28 28
36 = 58 174 28 28
37 = 87 145 28 28
38 = 87 174 28 28
39 = 116 145 28 28
4 = 145 116 28 28
40 = 145 145 28 28
41 = 116 174 28 28
42 = 174 116 28 28
43 = 174 145 28 28
44 = 145 174 28 28
45 = 203 116 28 28
46 = 203 145 28 28
47 = 174 174 28 28
48 = 203 174 28 28
49 = 232 0 28 28
5 = 261 0 28 28
50 = 232 29 28 28
51 = 232 58 28 28
52 = 290 0 28 28
53 = 261 29 28 28
54 = 319 0 28 28
55 = 290 29 28 28
56 = 261 58 28 28
57 = 232 87 28 28
58 = 232 116 28 28
59 = 348 0 28 28
6 = 319 29 28 28
60 = 290 58 28 28
61 = 261 87 28 28
62 = 348 29 28 28
63 = 319 58 28 28
64 = 290 87 28 28
65 = 261 116 28 28
66 = 232 145 28 28
67 = 377 0 28 28
68 = 261 145 28 28
69 = 232 174 28 28
7 = 406 0 28 28
70 = 377 29 28 28
71 = 319 87 28 28
72 = 290 116 28 28
73 = 348 58 28 28
74 = 290 145 28 28
75 = 377 58 28 28
76 = 348 87 28 28
77 = 406 29 28 28
78 = 319 116 28 28
79 = 435 0 28 28
8 = 261 174 28 28
80 = 290 174 28 28
81 = 435 29 28 28
82 = 406 58 28 28
83 = 348 116 28 28
84 = 319 145 28 28
85 = 377 87 28 28
86 = 377 116 28 28
87 = 348 145 28 28
88 = 319 174 28 28
89 = 406 87 28 28
9 = 435 58 28 28
90 = 406 116 28 28
91 = 435 87 28 28
92 = 348 174 28 28
93 = 377 145 28 28
94 = 377 174 28 28
95 = 406 145 28 28
96 = 435 116 28 28
97 = 435 145 28 28
98 = 406 174 28 28
99 = 435 174 28 28
