0 = 0 0 310 222
1 = 0 223 310 222
10 = 311 0 310 222
100 = 311 223 310 222
101 = 622 0 310 222
102 = 622 223 310 222
103 = 0 446 310 222
104 = 0 669 310 222
105 = 311 446 310 222
106 = 311 669 310 222
107 = 622 446 310 222
108 = 622 669 310 222
109 = 933 0 310 222
11 = 933 223 310 222
110 = 1244 0 310 222
111 = 933 446 310 222
112 = 1244 223 310 222
113 = 1555 0 310 222
114 = 933 669 310 222
115 = 1244 446 310 222
116 = 1555 223 310 222
117 = 1244 669 310 222
118 = 1555 446 310 222
119 = 1555 669 310 222
12 = 0 892 310 222
120 = 0 1115 310 222
121 = 311 892 310 222
122 = 0 1338 310 222
123 = 311 1115 310 222
124 = 622 892 310 222
125 = 0 1561 310 222
126 = 311 1338 310 222
127 = 622 1115 310 222
128 = 0 1784 310 222
129 = 933 892 310 222
13 = 311 1561 310 222
130 = 622 1338 310 222
131 = 933 1115 310 222
132 = 311 1784 310 222
133 = 1244 892 310 222
134 = 622 1561 310 222
135 = 933 1338 310 222
136 = 1244 1115 310 222
137 = 622 1784 310 222
138 = 1555 892 310 222
139 = 933 1561 310 222
14 = 1244 1338 310 222
140 = 1555 1115 310 222
141 = 933 1784 310 222
142 = 1244 1561 310 222
143 = 1555 1338 310 222
144 = 1244 1784 310 222
145 = 1555 1561 310 222
146 = 1555 1784 310 222
147 = 1866 0 310 222
148 = 1866 223 310 222
149 = 2177 0 310 222
15 = 1866 446 310 222
150 = 2177 223 310 222
151 = 2488 0 310 222
152 = 1866 669 310 222
153 = 2177 446 310 222
154 = 2488 223 310 222
155 = 1866 892 310 222
156 = 2799 0 310 222
157 = 2177 669 310 222
158 = 2488 446 310 222
159 = 1866 1115 310 222
16 = 2799 223 310 222
160 = 2177 892 310 222
161 = 3110 0 310 222
162 = 2488 669 310 222
163 = 1866 1338 310 222
164 = 2799 446 310 222
165 = 2177 1115 310 222
166 = 3110 223 310 222
167 = 2488 892 310 222
168 = 3421 0 310 222
169 = 1866 1561 310 222
17 = 2799 669 310 222
170 = 2177 1338 310 222
171 = 3110 446 310 222
172 = 2488 1115 310 222
173 = 3421 223 310 222
174 = 1866 1784 310 222
175 = 2799 892 310 222
176 = 3732 0 310 222
177 = 2177 1561 310 222
178 = 3110 669 310 222
179 = 2488 1338 310 222
18 = 3421 446 310 222
180 = 2799 1115 310 222
181 = 3732 223 310 222
182 = 2177 1784 310 222
183 = 3110 892 310 222
184 = 2488 1561 310 222
185 = 3421 669 310 222
186 = 2799 1338 310 222
187 = 3732 446 310 222
188 = 3110 1115 310 222
189 = 2488 1784 310 222
19 = 3421 892 310 222
190 = 2799 1561 310 222
191 = 3732 669 310 222
192 = 3110 1338 310 222
193 = 3421 1115 310 222
194 = 2799 1784 310 222
195 = 3732 892 310 222
196 = 3110 1561 310 222
197 = 3421 1338 310 222
198 = 3732 1115 310 222
199 = 3110 1784 310 222
2 = 3421 1561 310 222
20 = 3732 1338 310 222
200 = 3421 1784 310 222
201 = 3732 1561 310 222
202 = 3732 1784 310 222
203 = 0 2007 310 222
204 = 0 2230 310 222
205 = 311 2007 310 222
206 = 0 2453 310 222
207 = 311 2230 310 222
208 = 622 2007 310 222
209 = 0 2676 310 222
21 = 311 2453 310 222
22 = 622 2230 310 222
23 = 0 2899 310 222
24 = 933 2007 310 222
25 = 311 2676 310 222
26 = 622 2453 310 222
27 = 0 3122 310 222
28 = 933 2230 310 222
29 = 311 2899 310 222
3 = 1244 2007 310 222
30 = 622 2676 310 222
31 = 0 3345 310 222
32 = 933 2453 310 222
33 = 311 3122 310 222
34 = 1244 2230 310 222
35 = 622 2899 310 222
36 = 1555 2007 310 222
37 = 0 3568 310 222
38 = 933 2676 310 222
39 = 311 3345 310 222
4 = 1244 2453 310 222
40 = 622 3122 310 222
41 = 1555 2230 310 222
42 = 933 2899 310 222
43 = 1866 2007 310 222
44 = 311 3568 310 222
45 = 1244 2676 310 222
46 = 622 3345 310 222
47 = 1555 2453 310 222
48 = 933 3122 310 222
49 = 1866 2230 310 222
5 = 1244 2899 310 222
50 = 2177 2007 310 222
51 = 622 3568 310 222
52 = 1555 2676 310 222
53 = 933 3345 310 222
54 = 1866 2453 310 222
55 = 1244 3122 310 222
56 = 2177 2230 310 222
57 = 1555 2899 310 222
58 = 2488 2007 310 222
59 = 933 3568 310 222
6 = 1866 2676 310 222
60 = 1244 3345 310 222
61 = 2177 2453 310 222
62 = 1555 3122 310 222
63 = 2488 2230 310 222
64 = 1866 2899 310 222
65 = 2799 2007 310 222
66 = 1244 3568 310 222
67 = 2177 2676 310 222
68 = 1555 3345 310 222
69 = 2488 2453 310 222
7 = 1866 3122 310 222
70 = 2799 2230 310 222
71 = 2177 2899 310 222
72 = 3110 2007 310 222
73 = 1555 3568 310 222
74 = 2488 2676 310 222
75 = 1866 3345 310 222
76 = 2799 2453 310 222
77 = 2177 3122 310 222
78 = 3110 2230 310 222
79 = 2488 2899 310 222
8 = 3421 2007 310 222
80 = 1866 3568 310 222
81 = 2799 2676 310 222
82 = 2177 3345 310 222
83 = 3110 2453 310 222
84 = 2488 3122 310 222
85 = 3421 2230 310 222
86 = 2799 2899 310 222
87 = 3732 2007 310 222
88 = 2177 3568 310 222
89 = 3110 2676 310 222
9 = 2488 3345 310 222
90 = 3421 2453 310 222
91 = 2799 3122 310 222
92 = 3732 2230 310 222
93 = 3110 2899 310 222
94 = 2488 3568 310 222
95 = 3421 2676 310 222
96 = 2799 3345 310 222
97 = 3732 2453 310 222
98 = 3110 3122 310 222
99 = 3421 2899 310 222
