0 = 0 0 181 157
1 = 182 0 181 157
10 = 0 158 181 157
100 = 0 316 181 157
101 = 182 158 181 157
102 = 182 316 181 157
103 = 364 0 181 157
104 = 364 158 181 157
105 = 546 0 181 157
106 = 364 316 181 157
107 = 546 158 181 157
108 = 728 0 181 157
109 = 546 316 181 157
11 = 728 158 181 157
110 = 728 316 181 157
111 = 0 474 181 157
112 = 0 632 181 157
113 = 182 474 181 157
114 = 0 790 181 157
115 = 182 632 181 157
116 = 364 474 181 157
117 = 182 790 181 157
118 = 364 632 181 157
119 = 546 474 181 157
12 = 364 790 181 157
120 = 546 632 181 157
121 = 728 474 181 157
122 = 546 790 181 157
123 = 728 632 181 157
124 = 728 790 181 157
125 = 910 0 181 157
126 = 910 158 181 157
127 = 1092 0 181 157
128 = 910 316 181 157
129 = 1092 158 181 157
13 = 1274 0 181 157
130 = 910 474 181 157
131 = 1092 316 181 157
132 = 1274 158 181 157
133 = 1456 0 181 157
134 = 910 632 181 157
135 = 1092 474 181 157
136 = 1274 316 181 157
137 = 1456 158 181 157
138 = 1638 0 181 157
139 = 910 790 181 157
14 = 1092 632 181 157
140 = 1274 474 181 157
141 = 1456 316 181 157
142 = 1638 158 181 157
143 = 1820 0 181 157
144 = 1092 790 181 157
145 = 1274 632 181 157
146 = 1456 474 181 157
147 = 1638 316 181 157
148 = 1820 158 181 157
149 = 1274 790 181 157
15 = 1456 632 181 157
150 = 1638 474 181 157
151 = 1820 316 181 157
152 = 1456 790 181 157
153 = 1638 632 181 157
154 = 1820 474 181 157
155 = 1638 790 181 157
156 = 1820 632 181 157
157 = 1820 790 181 157
158 = 0 948 181 157
159 = 0 1106 181 157
16 = 182 948 181 157
160 = 0 1264 181 157
17 = 182 1106 181 157
18 = 364 948 181 157
19 = 0 1422 181 157
2 = 182 1264 181 157
20 = 364 1106 181 157
21 = 546 948 181 157
22 = 182 1422 181 157
23 = 364 1264 181 157
24 = 546 1106 181 157
25 = 728 948 181 157
26 = 364 1422 181 157
27 = 546 1264 181 157
28 = 728 1106 181 157
29 = 910 948 181 157
3 = 546 1422 181 157
30 = 728 1264 181 157
31 = 910 1106 181 157
32 = 1092 948 181 157
33 = 728 1422 181 157
34 = 910 1264 181 157
35 = 1092 1106 181 157
36 = 1274 948 181 157
37 = 910 1422 181 157
38 = 1092 1264 181 157
39 = 1274 1106 181 157
4 = 1456 948 181 157
40 = 1092 1422 181 157
41 = 1274 1264 181 157
42 = 1456 1106 181 157
43 = 1638 948 181 157
44 = 1274 1422 181 157
45 = 1456 1264 181 157
46 = 1638 1106 181 157
47 = 1820 948 181 157
48 = 1456 1422 181 157
49 = 1638 1264 181 157
5 = 1820 1106 181 157
50 = 1638 1422 181 157
51 = 1820 1264 181 157
52 = 1820 1422 181 157
53 = 2002 0 181 157
54 = 2002 158 181 157
55 = 2184 0 181 157
56 = 2002 316 181 157
57 = 2184 158 181 157
58 = 2366 0 181 157
59 = 2002 474 181 157
6 = 2184 316 181 157
60 = 2366 158 181 157
61 = 2548 0 181 157
62 = 2002 632 181 157
63 = 2184 474 181 157
64 = 2366 316 181 157
65 = 2548 158 181 157
66 = 2730 0 181 157
67 = 2002 790 181 157
68 = 2184 632 181 157
69 = 2366 474 181 157
7 = 2548 316 181 157
70 = 2730 158 181 157
71 = 2912 0 181 157
72 = 2002 948 181 157
73 = 2184 790 181 157
74 = 2366 632 181 157
75 = 2548 474 181 157
76 = 2730 316 181 157
77 = 2912 158 181 157
78 = 2002 1106 181 157
79 = 2184 948 181 157
8 = 2366 790 181 157
80 = 2548 632 181 157
81 = 2730 474 181 157
82 = 2912 316 181 157
83 = 2002 1264 181 157
84 = 2184 1106 181 157
85 = 2366 948 181 157
86 = 2548 790 181 157
87 = 2730 632 181 157
88 = 2912 474 181 157
89 = 2002 1422 181 157
9 = 2184 1264 181 157
90 = 2366 1106 181 157
91 = 2548 948 181 157
92 = 2730 790 181 157
93 = 2912 632 181 157
94 = 2184 1422 181 157
95 = 2366 1264 181 157
96 = 2548 1106 181 157
97 = 2730 948 181 157
98 = 2912 790 181 157
99 = 2366 1422 181 157
