0 = 0 0 24 24
1 = 25 0 24 24
10 = 0 25 24 24
100 = 25 25 24 24
101 = 50 0 24 24
102 = 50 25 24 24
103 = 75 0 24 24
104 = 100 0 24 24
105 = 75 25 24 24
106 = 100 25 24 24
107 = 0 50 24 24
108 = 25 50 24 24
109 = 0 75 24 24
11 = 50 50 24 24
110 = 25 75 24 24
111 = 0 100 24 24
112 = 25 100 24 24
113 = 75 50 24 24
114 = 50 75 24 24
115 = 75 75 24 24
116 = 50 100 24 24
117 = 100 50 24 24
118 = 100 75 24 24
119 = 75 100 24 24
12 = 100 100 24 24
120 = 125 0 24 24
121 = 125 25 24 24
122 = 150 0 24 24
123 = 125 50 24 24
124 = 150 25 24 24
125 = 175 0 24 24
126 = 150 50 24 24
127 = 200 0 24 24
128 = 175 25 24 24
129 = 125 75 24 24
13 = 125 100 24 24
130 = 200 25 24 24
131 = 175 50 24 24
132 = 150 75 24 24
133 = 225 0 24 24
134 = 175 75 24 24
135 = 150 100 24 24
136 = 225 25 24 24
137 = 200 50 24 24
138 = 225 50 24 24
139 = 200 75 24 24
14 = 175 100 24 24
140 = 200 100 24 24
141 = 225 75 24 24
142 = 225 100 24 24
143 = 0 125 24 24
144 = 25 125 24 24
145 = 0 150 24 24
146 = 50 125 24 24
147 = 25 150 24 24
148 = 0 175 24 24
149 = 75 125 24 24
15 = 50 150 24 24
150 = 25 175 24 24
151 = 0 200 24 24
152 = 25 200 24 24
153 = 0 225 24 24
154 = 100 125 24 24
155 = 75 150 24 24
156 = 50 175 24 24
157 = 50 200 24 24
158 = 25 225 24 24
159 = 125 125 24 24
16 = 100 150 24 24
160 = 75 175 24 24
161 = 125 150 24 24
162 = 100 175 24 24
163 = 75 200 24 24
164 = 150 125 24 24
165 = 50 225 24 24
166 = 150 150 24 24
167 = 125 175 24 24
168 = 100 200 24 24
169 = 75 225 24 24
17 = 175 125 24 24
170 = 100 225 24 24
171 = 175 150 24 24
172 = 200 125 24 24
173 = 150 175 24 24
174 = 125 200 24 24
175 = 125 225 24 24
176 = 225 125 24 24
177 = 200 150 24 24
178 = 175 175 24 24
179 = 150 200 24 24
18 = 200 175 24 24
180 = 175 200 24 24
181 = 150 225 24 24
182 = 225 150 24 24
183 = 225 175 24 24
184 = 175 225 24 24
185 = 200 200 24 24
186 = 225 200 24 24
187 = 200 225 24 24
188 = 225 225 24 24
189 = 250 0 24 24
19 = 275 0 24 24
190 = 250 25 24 24
191 = 300 0 24 24
192 = 275 25 24 24
193 = 250 50 24 24
194 = 300 25 24 24
195 = 275 50 24 24
196 = 250 75 24 24
197 = 325 0 24 24
198 = 325 25 24 24
199 = 300 50 24 24
2 = 275 75 24 24
20 = 250 100 24 24
200 = 350 0 24 24
201 = 350 25 24 24
202 = 325 50 24 24
203 = 250 125 24 24
204 = 300 75 24 24
205 = 275 100 24 24
206 = 375 0 24 24
207 = 350 50 24 24
208 = 325 75 24 24
209 = 275 125 24 24
21 = 250 150 24 24
210 = 300 100 24 24
211 = 400 0 24 24
212 = 375 25 24 24
213 = 250 175 24 24
214 = 325 100 24 24
215 = 300 125 24 24
216 = 425 0 24 24
217 = 400 25 24 24
218 = 375 50 24 24
219 = 350 75 24 24
22 = 275 150 24 24
220 = 375 75 24 24
221 = 350 100 24 24
222 = 275 175 24 24
223 = 300 150 24 24
224 = 325 125 24 24
225 = 450 0 24 24
226 = 425 25 24 24
227 = 400 50 24 24
228 = 250 200 24 24
229 = 250 225 24 24
23 = 300 175 24 24
230 = 350 125 24 24
231 = 325 150 24 24
232 = 475 0 24 24
233 = 450 25 24 24
234 = 425 50 24 24
235 = 400 75 24 24
236 = 275 200 24 24
237 = 375 100 24 24
238 = 475 25 24 24
239 = 450 50 24 24
24 = 425 75 24 24
240 = 400 100 24 24
241 = 300 200 24 24
242 = 275 225 24 24
243 = 375 125 24 24
244 = 350 150 24 24
245 = 325 175 24 24
246 = 400 125 24 24
247 = 375 150 24 24
248 = 350 175 24 24
249 = 325 200 24 24
25 = 425 100 24 24
250 = 300 225 24 24
251 = 450 75 24 24
252 = 475 50 24 24
253 = 475 75 24 24
254 = 450 100 24 24
255 = 350 200 24 24
256 = 325 225 24 24
257 = 425 125 24 24
258 = 375 175 24 24
259 = 400 150 24 24
26 = 425 150 24 24
260 = 400 175 24 24
261 = 350 225 24 24
262 = 450 125 24 24
263 = 375 200 24 24
264 = 475 100 24 24
265 = 475 125 24 24
266 = 450 150 24 24
267 = 400 200 24 24
268 = 375 225 24 24
269 = 425 175 24 24
27 = 400 225 24 24
270 = 450 175 24 24
271 = 425 200 24 24
272 = 475 150 24 24
273 = 475 175 24 24
274 = 450 200 24 24
275 = 425 225 24 24
276 = 450 225 24 24
277 = 475 200 24 24
278 = 475 225 24 24
279 = 0 250 24 24
28 = 25 250 24 24
280 = 0 275 24 24
281 = 50 250 24 24
282 = 25 275 24 24
283 = 0 300 24 24
284 = 75 250 24 24
285 = 50 275 24 24
286 = 25 300 24 24
287 = 0 325 24 24
288 = 100 250 24 24
289 = 75 275 24 24
29 = 50 300 24 24
290 = 25 325 24 24
291 = 0 350 24 24
292 = 125 250 24 24
293 = 100 275 24 24
294 = 75 300 24 24
295 = 50 325 24 24
296 = 25 350 24 24
297 = 0 375 24 24
298 = 75 325 24 24
299 = 50 350 24 24
3 = 25 375 24 24
30 = 0 400 24 24
300 = 100 300 24 24
301 = 150 250 24 24
302 = 125 275 24 24
303 = 50 375 24 24
304 = 25 400 24 24
305 = 125 300 24 24
306 = 100 325 24 24
307 = 75 350 24 24
308 = 175 250 24 24
309 = 150 275 24 24
31 = 50 400 24 24
310 = 150 300 24 24
311 = 125 325 24 24
312 = 100 350 24 24
313 = 75 375 24 24
314 = 175 275 24 24
315 = 200 250 24 24
316 = 175 300 24 24
317 = 150 325 24 24
318 = 125 350 24 24
319 = 100 375 24 24
32 = 75 400 24 24
320 = 200 275 24 24
321 = 225 250 24 24
322 = 200 300 24 24
323 = 175 325 24 24
324 = 150 350 24 24
325 = 125 375 24 24
326 = 100 400 24 24
327 = 250 250 24 24
328 = 225 275 24 24
329 = 275 250 24 24
33 = 250 275 24 24
330 = 225 300 24 24
331 = 200 325 24 24
332 = 175 350 24 24
333 = 150 375 24 24
334 = 125 400 24 24
335 = 225 325 24 24
336 = 200 350 24 24
337 = 175 375 24 24
338 = 150 400 24 24
339 = 300 250 24 24
34 = 275 275 24 24
340 = 250 300 24 24
341 = 325 250 24 24
342 = 225 350 24 24
343 = 200 375 24 24
344 = 175 400 24 24
345 = 300 275 24 24
346 = 275 300 24 24
347 = 250 325 24 24
348 = 325 275 24 24
349 = 300 300 24 24
35 = 275 325 24 24
350 = 250 350 24 24
351 = 350 250 24 24
352 = 225 375 24 24
353 = 200 400 24 24
354 = 375 250 24 24
355 = 350 275 24 24
356 = 325 300 24 24
357 = 300 325 24 24
358 = 275 350 24 24
359 = 250 375 24 24
36 = 225 400 24 24
360 = 350 300 24 24
361 = 325 325 24 24
362 = 300 350 24 24
363 = 275 375 24 24
364 = 250 400 24 24
365 = 400 250 24 24
366 = 375 275 24 24
367 = 425 250 24 24
368 = 400 275 24 24
369 = 375 300 24 24
37 = 350 325 24 24
370 = 325 350 24 24
371 = 300 375 24 24
372 = 275 400 24 24
373 = 375 325 24 24
374 = 350 350 24 24
375 = 325 375 24 24
376 = 300 400 24 24
377 = 450 250 24 24
378 = 425 275 24 24
379 = 400 300 24 24
38 = 475 250 24 24
380 = 450 275 24 24
381 = 425 300 24 24
382 = 400 325 24 24
383 = 350 375 24 24
384 = 325 400 24 24
385 = 375 350 24 24
386 = 350 400 24 24
387 = 400 350 24 24
388 = 375 375 24 24
389 = 425 325 24 24
39 = 450 300 24 24
390 = 475 275 24 24
391 = 475 300 24 24
392 = 450 325 24 24
393 = 425 350 24 24
394 = 400 375 24 24
395 = 375 400 24 24
396 = 425 375 24 24
397 = 400 400 24 24
398 = 450 350 24 24
399 = 475 325 24 24
4 = 475 350 24 24
40 = 450 375 24 24
400 = 425 400 24 24
401 = 450 400 24 24
402 = 475 375 24 24
403 = 475 400 24 24
404 = 500 0 24 24
405 = 525 0 24 24
406 = 500 25 24 24
407 = 500 50 24 24
408 = 550 0 24 24
409 = 525 25 24 24
41 = 500 75 24 24
410 = 575 0 24 24
411 = 550 25 24 24
412 = 525 50 24 24
413 = 550 50 24 24
414 = 525 75 24 24
415 = 500 100 24 24
416 = 575 25 24 24
417 = 600 0 24 24
418 = 575 50 24 24
419 = 550 75 24 24
42 = 525 100 24 24
420 = 500 125 24 24
421 = 600 25 24 24
422 = 625 0 24 24
423 = 500 150 24 24
424 = 575 75 24 24
425 = 550 100 24 24
426 = 525 125 24 24
427 = 600 50 24 24
428 = 650 0 24 24
429 = 625 25 24 24
43 = 575 100 24 24
430 = 550 125 24 24
431 = 525 150 24 24
432 = 625 50 24 24
433 = 600 75 24 24
434 = 675 0 24 24
435 = 650 25 24 24
436 = 500 175 24 24
437 = 600 100 24 24
438 = 575 125 24 24
439 = 550 150 24 24
44 = 525 175 24 24
440 = 650 50 24 24
441 = 625 75 24 24
442 = 700 0 24 24
443 = 675 25 24 24
444 = 500 200 24 24
445 = 575 150 24 24
446 = 550 175 24 24
447 = 525 200 24 24
448 = 675 50 24 24
449 = 650 75 24 24
45 = 625 100 24 24
450 = 725 0 24 24
451 = 700 25 24 24
452 = 500 225 24 24
453 = 600 125 24 24
454 = 700 50 24 24
455 = 525 225 24 24
456 = 500 250 24 24
457 = 625 125 24 24
458 = 600 150 24 24
459 = 575 175 24 24
46 = 550 200 24 24
460 = 675 75 24 24
461 = 650 100 24 24
462 = 725 25 24 24
463 = 750 0 24 24
464 = 725 50 24 24
465 = 700 75 24 24
466 = 550 225 24 24
467 = 525 250 24 24
468 = 500 275 24 24
469 = 650 125 24 24
47 = 625 150 24 24
470 = 600 175 24 24
471 = 575 200 24 24
472 = 675 100 24 24
473 = 750 25 24 24
474 = 775 0 24 24
475 = 550 250 24 24
476 = 525 275 24 24
477 = 500 300 24 24
478 = 675 125 24 24
479 = 650 150 24 24
48 = 625 175 24 24
480 = 600 200 24 24
481 = 575 225 24 24
482 = 775 25 24 24
483 = 750 50 24 24
484 = 800 0 24 24
485 = 700 100 24 24
486 = 725 75 24 24
487 = 600 225 24 24
488 = 575 250 24 24
489 = 800 25 24 24
49 = 775 50 24 24
490 = 750 75 24 24
491 = 825 0 24 24
492 = 750 375 23 24
493 = 725 100 24 24
494 = 700 125 24 24
495 = 550 275 24 24
496 = 525 300 24 24
497 = 500 325 24 24
498 = 675 150 24 24
499 = 650 175 24 24
5 = 625 200 24 24
50 = 525 325 24 24
500 = 500 350 24 24
501 = 700 150 24 24
502 = 675 175 24 24
503 = 650 200 24 24
504 = 625 225 24 24
505 = 800 50 24 24
506 = 775 75 24 24
507 = 750 100 24 24
508 = 850 0 24 24
509 = 825 25 24 24
51 = 725 125 24 24
510 = 575 275 24 24
511 = 550 300 24 24
512 = 600 250 24 24
513 = 600 275 24 24
514 = 575 300 24 24
515 = 550 325 24 24
516 = 625 250 24 24
517 = 650 225 24 24
518 = 825 50 24 24
519 = 800 75 24 24
52 = 775 100 24 24
520 = 750 125 24 24
521 = 875 0 24 24
522 = 850 25 24 24
523 = 725 150 24 24
524 = 525 350 24 24
525 = 500 375 24 24
526 = 700 175 24 24
527 = 675 200 24 24
528 = 725 175 24 24
529 = 700 200 24 24
53 = 675 225 24 24
530 = 800 100 24 24
531 = 775 125 24 24
532 = 750 150 24 24
533 = 875 25 24 24
534 = 850 50 24 24
535 = 550 350 24 24
536 = 525 375 24 24
537 = 500 400 24 24
538 = 650 250 24 24
539 = 625 275 24 24
54 = 825 75 24 24
540 = 600 300 24 24
541 = 575 325 24 24
542 = 575 350 24 24
543 = 550 375 24 24
544 = 525 400 24 24
545 = 675 250 24 24
546 = 650 275 24 24
547 = 625 300 24 24
548 = 850 75 24 24
549 = 825 100 24 24
55 = 600 325 24 24
550 = 800 125 24 24
551 = 775 150 24 24
552 = 750 175 24 24
553 = 875 50 24 24
554 = 700 225 24 24
555 = 725 200 24 24
556 = 625 325 24 24
557 = 600 350 24 24
558 = 825 125 24 24
559 = 800 150 24 24
56 = 775 175 24 24
560 = 750 200 24 24
561 = 875 75 24 24
562 = 725 225 24 24
563 = 700 250 24 24
564 = 675 275 24 24
565 = 650 300 24 24
566 = 850 100 24 24
567 = 550 400 24 24
568 = 575 375 24 24
569 = 700 275 24 24
57 = 675 300 24 24
570 = 650 325 24 24
571 = 875 100 24 24
572 = 850 125 24 24
573 = 575 400 24 24
574 = 600 375 24 24
575 = 775 200 24 24
576 = 750 225 24 24
577 = 725 250 24 24
578 = 800 175 24 24
579 = 825 150 24 24
58 = 625 350 24 24
580 = 750 250 24 24
581 = 725 275 24 24
582 = 825 175 24 24
583 = 800 200 24 24
584 = 850 150 24 24
585 = 650 350 24 24
586 = 625 375 24 24
59 = 600 400 24 24
6 = 775 225 24 24
60 = 875 125 24 24
61 = 675 325 24 24
62 = 700 300 24 24
63 = 775 250 24 24
64 = 875 150 24 24
65 = 700 325 24 24
66 = 675 350 24 24
67 = 725 300 24 24
68 = 850 175 24 24
69 = 650 375 24 24
7 = 625 400 24 24
70 = 800 225 24 24
71 = 825 200 24 24
72 = 750 275 24 24
73 = 850 200 24 24
74 = 825 225 24 24
75 = 775 275 24 24
76 = 750 300 24 24
77 = 725 325 24 24
78 = 875 175 24 24
79 = 675 375 24 24
8 = 650 400 24 24
80 = 800 250 24 24
81 = 700 350 24 24
82 = 725 350 24 24
83 = 700 375 24 24
84 = 875 200 24 24
85 = 675 400 24 24
86 = 825 250 24 24
87 = 800 275 24 24
88 = 775 300 24 24
89 = 750 325 24 24
9 = 850 225 24 24
90 = 825 275 24 24
91 = 800 300 24 24
92 = 775 325 24 24
93 = 750 350 24 24
94 = 850 250 24 24
95 = 875 225 24 24
96 = 700 400 24 24
97 = 725 375 24 24
98 = 875 250 24 24
99 = 725 400 24 24
