0 = 0 0 28 28
1 = 29 0 28 28
10 = 0 29 28 28
100 = 29 29 28 28
101 = 58 0 28 28
102 = 58 29 28 28
103 = 87 0 28 28
104 = 87 29 28 28
105 = 0 58 28 28
106 = 0 87 28 28
107 = 29 58 28 28
108 = 58 58 28 28
109 = 29 87 28 28
11 = 58 87 28 28
110 = 87 58 28 28
111 = 87 87 28 28
112 = 116 0 28 28
113 = 145 0 28 28
114 = 116 29 28 28
115 = 174 0 28 28
116 = 145 29 28 28
117 = 116 58 28 28
118 = 145 58 28 28
119 = 116 87 28 28
12 = 174 29 28 28
120 = 203 0 28 28
121 = 203 29 28 28
122 = 174 58 28 28
123 = 145 87 28 28
124 = 174 87 28 28
125 = 203 58 28 28
126 = 203 87 28 28
127 = 0 116 28 28
128 = 29 116 28 28
129 = 0 145 28 28
13 = 29 145 28 28
130 = 0 174 28 28
131 = 58 116 28 28
132 = 29 174 28 28
133 = 0 203 28 28
134 = 58 145 28 28
135 = 87 116 28 28
136 = 116 116 28 28
137 = 58 174 28 28
138 = 29 203 28 28
139 = 87 145 28 28
14 = 58 203 28 28
140 = 116 145 28 28
141 = 87 174 28 28
142 = 145 116 28 28
143 = 116 174 28 28
144 = 87 203 28 28
145 = 174 116 28 28
146 = 145 145 28 28
147 = 174 145 28 28
148 = 145 174 28 28
149 = 116 203 28 28
15 = 203 116 28 28
150 = 145 203 28 28
151 = 203 145 28 28
152 = 174 174 28 28
153 = 203 174 28 28
154 = 174 203 28 28
155 = 203 203 28 28
156 = 232 0 28 28
157 = 261 0 28 28
158 = 232 29 28 28
159 = 261 29 28 28
16 = 232 58 28 28
160 = 290 0 28 28
161 = 261 58 28 28
162 = 232 87 28 28
163 = 319 0 28 28
164 = 290 29 28 28
165 = 319 29 28 28
166 = 290 58 28 28
167 = 261 87 28 28
168 = 232 116 28 28
169 = 348 0 28 28
17 = 319 58 28 28
170 = 290 87 28 28
171 = 261 116 28 28
172 = 232 145 28 28
173 = 377 0 28 28
174 = 348 29 28 28
175 = 261 145 28 28
176 = 232 174 28 28
177 = 406 0 28 28
178 = 377 29 28 28
179 = 348 58 28 28
18 = 319 87 28 28
180 = 290 116 28 28
181 = 348 87 28 28
182 = 319 116 28 28
183 = 290 145 28 28
184 = 435 0 28 28
185 = 406 29 28 28
186 = 377 58 28 28
187 = 261 174 28 28
188 = 232 203 28 28
189 = 261 203 28 28
19 = 435 29 28 28
190 = 406 58 28 28
191 = 377 87 28 28
192 = 290 174 28 28
193 = 464 0 28 28
194 = 319 145 28 28
195 = 348 116 28 28
196 = 377 116 28 28
197 = 348 145 28 28
198 = 319 174 28 28
199 = 290 203 28 28
2 = 464 29 28 28
20 = 435 58 28 28
200 = 406 87 28 28
201 = 464 58 28 28
202 = 435 87 28 28
203 = 406 116 28 28
204 = 348 174 28 28
205 = 319 203 28 28
206 = 377 145 28 28
207 = 348 203 28 28
208 = 406 145 28 28
209 = 377 174 28 28
21 = 435 116 28 28
210 = 464 87 28 28
211 = 464 116 28 28
212 = 406 174 28 28
213 = 377 203 28 28
214 = 435 145 28 28
215 = 464 145 28 28
216 = 435 174 28 28
217 = 406 203 28 28
218 = 435 203 28 28
219 = 464 174 28 28
22 = 464 203 28 28
220 = 0 232 28 28
221 = 29 232 28 28
222 = 0 261 28 28
223 = 58 232 28 28
224 = 29 261 28 28
225 = 0 290 28 28
226 = 87 232 28 28
227 = 58 261 28 28
228 = 29 290 28 28
229 = 0 319 28 28
23 = 116 232 28 28
230 = 87 261 28 28
231 = 58 290 28 28
232 = 29 319 28 28
233 = 0 348 28 28
234 = 145 232 28 28
235 = 116 261 28 28
236 = 87 290 28 28
237 = 58 319 28 28
238 = 29 348 28 28
239 = 0 377 28 28
24 = 145 261 28 28
240 = 116 290 28 28
241 = 87 319 28 28
242 = 58 348 28 28
243 = 29 377 28 28
244 = 174 232 28 28
245 = 174 261 28 28
246 = 145 290 28 28
247 = 116 319 28 28
248 = 87 348 28 28
249 = 58 377 28 28
25 = 203 232 28 28
250 = 174 290 28 28
251 = 145 319 28 28
252 = 116 348 28 28
253 = 87 377 28 28
254 = 232 232 28 28
255 = 203 261 28 28
256 = 203 290 28 28
257 = 174 319 28 28
258 = 145 348 28 28
259 = 116 377 28 28
26 = 261 232 28 28
260 = 232 261 28 28
261 = 232 290 28 28
262 = 203 319 28 28
263 = 174 348 28 28
264 = 145 377 28 28
265 = 261 261 28 28
266 = 290 232 28 28
267 = 319 232 28 28
268 = 261 290 28 28
269 = 232 319 28 28
27 = 203 348 28 28
270 = 174 377 28 28
271 = 290 261 28 28
272 = 261 319 28 28
273 = 232 348 28 28
274 = 203 377 28 28
275 = 319 261 28 28
276 = 290 290 28 28
277 = 348 232 28 28
278 = 348 261 28 28
279 = 377 232 28 28
28 = 290 319 28 28
280 = 261 348 28 28
281 = 232 377 28 28
282 = 319 290 28 28
283 = 319 319 28 28
284 = 290 348 28 28
285 = 261 377 28 28
286 = 348 290 28 28
287 = 406 232 28 28
288 = 377 261 28 28
289 = 406 261 28 28
29 = 377 290 28 28
290 = 319 348 28 28
291 = 290 377 28 28
292 = 348 319 28 28
293 = 435 232 28 28
294 = 319 377 28 28
295 = 377 319 28 28
296 = 348 348 28 28
297 = 464 232 28 28
298 = 435 261 28 28
299 = 406 290 28 28
3 = 464 261 28 28
30 = 435 290 28 28
300 = 406 319 28 28
301 = 377 348 28 28
302 = 348 377 28 28
303 = 377 377 28 28
304 = 435 319 28 28
305 = 406 348 28 28
306 = 464 290 28 28
307 = 435 348 28 28
308 = 406 377 28 28
309 = 464 319 28 28
31 = 464 348 28 28
310 = 435 377 28 28
311 = 464 377 28 28
312 = 493 0 28 28
313 = 493 29 28 28
314 = 522 0 28 28
315 = 493 58 28 28
316 = 551 0 28 28
317 = 522 29 28 28
318 = 493 87 28 28
319 = 580 0 28 28
32 = 551 29 28 28
320 = 522 58 28 28
321 = 522 87 28 28
322 = 493 116 28 28
323 = 609 0 28 28
324 = 580 29 28 28
325 = 551 58 28 28
326 = 551 87 28 28
327 = 522 116 28 28
328 = 493 145 28 28
329 = 638 0 28 28
33 = 609 29 28 28
330 = 580 58 28 28
331 = 493 174 28 28
332 = 667 0 28 28
333 = 638 29 28 28
334 = 609 58 28 28
335 = 580 87 28 28
336 = 522 145 28 28
337 = 551 116 28 28
338 = 522 174 28 28
339 = 493 203 28 28
34 = 696 0 28 28
340 = 667 29 28 28
341 = 638 58 28 28
342 = 609 87 28 28
343 = 580 116 28 28
35 = 551 145 28 28
36 = 667 58 28 28
37 = 638 87 28 28
38 = 609 116 28 28
39 = 580 145 28 28
4 = 551 174 28 28
40 = 522 203 28 28
41 = 493 232 28 28
42 = 696 29 28 28
43 = 696 58 28 28
44 = 667 87 28 28
45 = 638 116 28 28
46 = 609 145 28 28
47 = 580 174 28 28
48 = 551 203 28 28
49 = 522 232 28 28
5 = 493 261 28 28
50 = 667 116 28 28
51 = 638 145 28 28
52 = 609 174 28 28
53 = 580 203 28 28
54 = 551 232 28 28
55 = 522 261 28 28
56 = 493 290 28 28
57 = 696 87 28 28
58 = 551 261 28 28
59 = 522 290 28 28
6 = 493 319 28 28
60 = 696 116 28 28
61 = 667 145 28 28
62 = 638 174 28 28
63 = 609 203 28 28
64 = 580 232 28 28
65 = 580 261 28 28
66 = 493 348 28 28
67 = 696 145 28 28
68 = 667 174 28 28
69 = 638 203 28 28
7 = 609 232 28 28
70 = 551 290 28 28
71 = 522 319 28 28
72 = 667 203 28 28
73 = 638 232 28 28
74 = 609 261 28 28
75 = 580 290 28 28
76 = 551 319 28 28
77 = 522 348 28 28
78 = 493 377 28 28
79 = 696 174 28 28
8 = 522 377 28 28
80 = 696 203 28 28
81 = 551 348 28 28
82 = 609 290 28 28
83 = 580 319 28 28
84 = 638 261 28 28
85 = 667 232 28 28
86 = 638 290 28 28
87 = 696 232 28 28
88 = 667 261 28 28
89 = 609 319 28 28
9 = 580 348 28 28
90 = 551 377 28 28
91 = 638 319 28 28
92 = 609 348 28 28
93 = 580 377 28 28
94 = 696 261 28 28
95 = 667 290 28 28
96 = 696 290 28 28
97 = 667 319 28 28
98 = 609 377 28 28
99 = 638 348 28 28
