1 = 22 0 19 19
10 = 42 0 19 19
100 = 0 22 19 19
101 = 20 22 19 19
102 = 0 42 19 19
103 = 20 42 19 19
104 = 40 20 19 19
105 = 40 40 19 19
106 = 62 0 19 19
107 = 60 20 19 19
108 = 82 0 19 19
109 = 60 40 19 19
11 = 80 20 19 19
110 = 102 0 19 19
111 = 100 20 19 19
112 = 80 40 19 19
113 = 100 40 19 19
114 = 0 62 19 19
115 = 20 62 19 19
12 = 0 82 19 19
124 = 40 60 19 19
125 = 20 82 19 19
126 = 0 0 21 21
127 = 0 102 19 19
128 = 60 60 19 19
129 = 40 80 19 19
13 = 20 102 19 19
130 = 60 80 19 19
131 = 40 100 19 19
133 = 80 60 19 19
134 = 60 100 19 19
14 = 100 60 19 19
15 = 80 80 19 19
16 = 80 100 19 19
17 = 100 80 19 19
18 = 100 100 19 19
19 = 122 0 19 19
2 = 120 20 19 19
20 = 142 0 19 19
21 = 140 20 19 19
22 = 120 40 19 19
23 = 162 0 19 19
24 = 140 40 19 19
25 = 120 60 19 19
26 = 160 20 19 19
27 = 182 0 19 19
28 = 140 60 19 19
29 = 120 80 19 19
3 = 180 20 19 19
30 = 160 40 19 19
31 = 202 0 19 19
32 = 180 40 19 19
33 = 160 60 19 19
34 = 140 80 19 19
35 = 120 100 19 19
36 = 200 20 19 19
37 = 222 0 19 19
38 = 200 40 19 19
39 = 220 20 19 19
4 = 160 80 19 19
40 = 140 100 19 19
41 = 180 60 19 19
42 = 200 60 19 19
43 = 180 80 19 19
44 = 160 100 19 19
45 = 220 40 19 19
46 = 220 60 19 19
47 = 180 100 19 19
48 = 200 80 19 19
49 = 200 100 19 19
5 = 220 80 19 19
50 = 220 100 19 19
51 = 0 122 19 19
52 = 20 122 19 19
53 = 0 142 19 19
54 = 40 120 19 19
55 = 20 142 19 19
56 = 0 162 19 19
57 = 40 140 19 19
58 = 60 120 19 19
59 = 20 162 19 19
6 = 0 182 19 19
60 = 40 160 19 19
61 = 60 140 19 19
62 = 80 120 19 19
63 = 0 202 19 19
64 = 20 182 19 19
65 = 60 160 19 19
66 = 40 180 19 19
67 = 100 120 19 19
68 = 80 140 19 19
69 = 20 202 19 19
7 = 120 120 19 19
70 = 80 160 19 19
71 = 60 180 19 19
72 = 40 200 19 19
73 = 100 140 19 19
74 = 80 180 19 19
75 = 60 200 19 19
76 = 120 140 19 19
77 = 100 160 19 19
78 = 140 120 19 19
79 = 160 120 19 19
8 = 100 180 19 19
80 = 80 200 19 19
81 = 140 140 19 19
82 = 120 160 19 19
83 = 160 140 19 19
84 = 140 160 19 19
85 = 120 180 19 19
86 = 180 120 19 19
87 = 100 200 19 19
88 = 160 160 19 19
89 = 140 180 19 19
9 = 120 200 19 19
90 = 200 120 19 19
91 = 180 140 19 19
92 = 220 120 19 19
93 = 200 140 19 19
94 = 180 160 19 19
95 = 160 180 19 19
96 = 140 200 19 19
97 = 160 200 19 19
98 = 200 160 19 19
99 = 180 180 19 19
