0 = 0 0 299 242
1 = 0 243 299 242
10 = 300 0 299 242
100 = 300 243 299 242
101 = 600 0 299 242
102 = 600 243 299 242
103 = 0 486 299 242
104 = 0 729 299 242
105 = 300 486 299 242
106 = 300 729 299 242
107 = 600 486 299 242
108 = 600 729 299 242
109 = 900 0 299 242
11 = 900 243 299 242
110 = 1200 0 299 242
111 = 900 486 299 242
112 = 1200 243 299 242
113 = 1500 0 299 242
114 = 900 729 299 242
115 = 1200 486 299 242
116 = 1500 243 299 242
117 = 1200 729 299 242
118 = 1500 486 299 242
119 = 1500 729 299 242
12 = 0 972 299 242
120 = 0 1215 299 242
121 = 300 972 299 242
122 = 0 1458 299 242
123 = 300 1215 299 242
124 = 600 972 299 242
125 = 0 1701 299 242
126 = 300 1458 299 242
127 = 600 1215 299 242
128 = 900 972 299 242
129 = 300 1701 299 242
13 = 600 1458 299 242
130 = 900 1215 299 242
131 = 1200 972 299 242
132 = 600 1701 299 242
133 = 900 1458 299 242
134 = 1200 1215 299 242
135 = 1500 972 299 242
136 = 900 1701 299 242
137 = 1200 1458 299 242
138 = 1500 1215 299 242
139 = 1200 1701 299 242
14 = 1500 1458 299 242
140 = 1500 1701 299 242
141 = 1800 0 299 242
142 = 1800 243 299 242
143 = 2100 0 299 242
144 = 1800 486 299 242
145 = 2100 243 299 242
146 = 2400 0 299 242
147 = 1800 729 299 242
148 = 2100 486 299 242
149 = 2400 243 299 242
15 = 2700 0 299 242
150 = 1800 972 299 242
151 = 2100 729 299 242
152 = 2400 486 299 242
153 = 2700 243 299 242
154 = 3000 0 299 242
155 = 1800 1215 299 242
156 = 2100 972 299 242
157 = 2400 729 299 242
158 = 2700 486 299 242
159 = 3000 243 299 242
16 = 1800 1458 299 242
160 = 3300 0 299 242
161 = 2100 1215 299 242
162 = 2400 972 299 242
163 = 2700 729 299 242
164 = 3000 486 299 242
165 = 1800 1701 299 242
166 = 3300 243 299 242
167 = 2100 1458 299 242
168 = 3600 0 299 242
169 = 2400 1215 299 242
17 = 2700 972 299 242
170 = 3000 729 299 242
171 = 3300 486 299 242
172 = 2100 1701 299 242
173 = 3600 243 299 242
174 = 2400 1458 299 242
175 = 2700 1215 299 242
176 = 3000 972 299 242
177 = 3300 729 299 242
178 = 3600 486 299 242
179 = 2400 1701 299 242
18 = 2700 1458 299 242
180 = 3000 1215 299 242
181 = 3300 972 299 242
182 = 3600 729 299 242
183 = 2700 1701 299 242
184 = 3000 1458 299 242
185 = 3300 1215 299 242
186 = 3600 972 299 242
187 = 3000 1701 299 242
188 = 3300 1458 299 242
189 = 3600 1215 299 242
19 = 3300 1701 299 242
190 = 3600 1458 299 242
191 = 3600 1701 299 242
192 = 0 1944 299 242
193 = 0 2187 299 242
194 = 300 1944 299 242
195 = 0 2430 299 242
196 = 300 2187 299 242
197 = 600 1944 299 242
198 = 0 2673 299 242
199 = 300 2430 299 242
2 = 600 2187 299 242
20 = 900 1944 299 242
200 = 0 2916 299 242
201 = 300 2673 299 242
202 = 600 2430 299 242
203 = 900 2187 299 242
204 = 1200 1944 299 242
205 = 0 3159 299 242
206 = 300 2916 299 242
207 = 600 2673 299 242
208 = 900 2430 299 242
209 = 1200 2187 299 242
21 = 0 3402 299 242
22 = 1500 1944 299 242
23 = 300 3159 299 242
24 = 600 2916 299 242
25 = 900 2673 299 242
26 = 1200 2430 299 242
27 = 1500 2187 299 242
28 = 300 3402 299 242
29 = 1800 1944 299 242
3 = 600 3159 299 242
30 = 900 2916 299 242
31 = 1200 2673 299 242
32 = 1500 2430 299 242
33 = 1800 2187 299 242
34 = 600 3402 299 242
35 = 2100 1944 299 242
36 = 900 3159 299 242
37 = 1200 2916 299 242
38 = 1500 2673 299 242
39 = 1800 2430 299 242
4 = 2100 2187 299 242
40 = 900 3402 299 242
41 = 2400 1944 299 242
42 = 1200 3159 299 242
43 = 1500 2916 299 242
44 = 1800 2673 299 242
45 = 2100 2430 299 242
46 = 2400 2187 299 242
47 = 1200 3402 299 242
48 = 2700 1944 299 242
49 = 1500 3159 299 242
5 = 1800 2916 299 242
50 = 2100 2673 299 242
51 = 2400 2430 299 242
52 = 2700 2187 299 242
53 = 1500 3402 299 242
54 = 3000 1944 299 242
55 = 1800 3159 299 242
56 = 2100 2916 299 242
57 = 2400 2673 299 242
58 = 2700 2430 299 242
59 = 3000 2187 299 242
6 = 1800 3402 299 242
60 = 3300 1944 299 242
61 = 2100 3159 299 242
62 = 2400 2916 299 242
63 = 2700 2673 299 242
64 = 3000 2430 299 242
65 = 3300 2187 299 242
66 = 2100 3402 299 242
67 = 3600 1944 299 242
68 = 2400 3159 299 242
69 = 2700 2916 299 242
7 = 3000 2673 299 242
70 = 3300 2430 299 242
71 = 3600 2187 299 242
72 = 2400 3402 299 242
73 = 2700 3159 299 242
74 = 3000 2916 299 242
75 = 3300 2673 299 242
76 = 3600 2430 299 242
77 = 2700 3402 299 242
78 = 3000 3159 299 242
79 = 3300 2916 299 242
8 = 3600 2673 299 242
80 = 3000 3402 299 242
81 = 3300 3159 299 242
82 = 3600 2916 299 242
83 = 3300 3402 299 242
84 = 3600 3159 299 242
85 = 3600 3402 299 242
86 = 3900 0 299 242
87 = 3900 243 299 242
88 = 3900 486 299 242
89 = 3900 729 299 242
9 = 3900 972 299 242
90 = 3900 1215 299 242
91 = 3900 1458 299 242
92 = 3900 1701 299 242
93 = 3900 1944 299 242
94 = 3900 2187 299 242
95 = 3900 2430 299 242
96 = 3900 2673 299 242
97 = 3900 2916 299 242
98 = 3900 3159 299 242
99 = 3900 3402 299 242
